%YAML:1.0
---
camera_matrix: !!opencv-matrix
   rows: 3
   cols: 3
   dt: d
   data: [ 3.6669348046220711e+02, 0., 6.8010840342558220e+02, 0.,
       3.5583143370576556e+02, 3.7766679471336772e+02, 0., 0., 1. ]
dist_coeffs: !!opencv-matrix
   rows: 4
   cols: 1
   dt: d
   data: [ 3.6079676373474444e-02, -5.8349417104005177e-03,
       -1.3217011997861549e-02, 3.5839847133361247e-03 ]
resolution: !!opencv-matrix
   rows: 2
   cols: 1
   dt: i
   data: [ 1280, 720 ]
project_matrix: !!opencv-matrix
   rows: 3
   cols: 3
   dt: d
   data: [ -2.2161003511004257e+01, -5.0819916497093068e+01,
       1.7009739537796453e+04, 2.3082259570588550e+00,
       -4.1681758506136426e+01, 8.6649394428808246e+03,
       9.2018413146575922e-03, -1.2131408432323196e-01, 1. ]
scale_xy: !!opencv-matrix
   rows: 2
   cols: 1
   dt: f
   data: [ 5.00000000e-01, 6.99999988e-01 ]
shift_xy: !!opencv-matrix
   rows: 2
   cols: 1
   dt: f
   data: [ -50., 0. ]
